2 0.702147 0.424241 0.133427 0.132734
2 0.579946 0.550118 0.124104 0.118581
2 0.292737 0.431352 0.151875 0.150892
2 0.471879 0.723055 0.179424 0.192316
2 0.0465059 0.240025 0.0915997 0.239923
2 0.374855 0.960889 0.140504 0.0782211
1 0.319654 0.231035 0.0686234 0.0590568
3 0.293744 0.431394 0.156285 0.149959
0 0.920529 0.872115 0.108908 0.0966072
2 0.766442 0.512923 0.111267 0.123723
3 0.177172 0.566283 0.14139 0.146162
0 0.229886 0.774325 0.0531541 0.0547905
2 0.179401 0.569487 0.142019 0.136796
0 0.22015 0.0493082 0.103648 0.0942249
0 0.465657 0.34539 0.093278 0.107359
1 0.199088 0.534255 0.0906601 0.0840644
1 0.668556 0.678967 0.0879383 0.0613751
2 0.447618 0.581997 0.0962763 0.10471
