3 0.101171 0.130791 0.109455 0.0508692 0.0115148 0.0407172 0.00323049 0.120639
3 0.300779 0.804382 0.387454 0.818158 0.402324 0.724603 0.315649 0.710827
3 0.0465929 0.371755 0.0602182 0.437647 0.151862 0.418696 0.138237 0.352805
3 0.212485 -0.0177578 0.212667 0.0740981 0.31434 0.0738969 0.314159 -0.0179591
3 0.741485 0.219237 0.81679 0.22147 0.819095 0.143768 0.74379 0.141535
3 0.765811 0.303706 0.767728 0.392213 0.868377 0.390033 0.866459 0.301526
3 0.0873929 0.493722 0.0881882 0.589008 0.191065 0.588149 0.19027 0.492863
3 0.454788 0.986839 0.455814 0.900639 0.369611 0.899612 0.368584 0.985812
3 0.568689 0.362785 0.579048 0.424277 0.680431 0.407198 0.670072 0.345705
3 0.122219 0.331811 0.141356 0.249869 0.0554634 0.22981 0.0363273 0.311753
3 0.921773 0.249838 0.922321 0.332321 1.00525 0.331769 1.0047 0.249287
3 0.94266 0.212884 1.00648 0.211478 1.00467 0.129407 0.940851 0.130814
1 0.211948 0.842658 0.212433 0.769632 0.132399 0.769101 0.131914 0.842127
3 0.496769 0.458242 0.506816 0.506192 0.622996 0.481848 0.612949 0.433898
3 0.000485086 0.956269 0.000589601 1.00086 0.0680245 1.0007 0.06792 0.956111
3 0.283894 0.640139 0.306295 0.706516 0.393858 0.676964 0.371457 0.610588
3 0.704273 0.752039 0.705129 0.689461 0.633505 0.688481 0.632648 0.751059
3 0.182591 1.01776 0.236704 0.99277 0.19915 0.91144 0.145037 0.936427
3 0.408851 0.246897 0.412145 0.309279 0.524774 0.303331 0.52148 0.24095
3 0.921489 0.37417 0.922129 0.438642 1.0017 0.437852 1.00106 0.373379
3 0.557695 0.173546 0.558881 0.235157 0.639246 0.23361 0.63806 0.171999
1 0.0758078 0.655285 0.0957104 0.719517 0.201811 0.686642 0.181908 0.622409
2 0.859519 0.834336 0.894466 0.898086 0.999075 0.84074 0.964128 0.77699
1 0.769034 0.490398 0.847644 0.492644 0.849941 0.41227 0.77133 0.410024
3 0.0330513 0.156328 0.0336009 0.231547 0.119763 0.230918 0.119213 0.155698
3 0.454463 0.691421 0.457463 0.79498 0.569073 0.791748 0.566073 0.688188
3 0.597968 1.0265 0.627974 0.973338 0.571638 0.941541 0.541632 0.994704
3 0.628432 0.939833 0.687859 0.912778 0.6545 0.839505 0.595074 0.86656
3 0.570358 0.358636 0.643424 0.377133 0.663477 0.297921 0.590411 0.279424
3 0.0758973 0.652364 0.0988785 0.720193 0.203585 0.684717 0.180604 0.616888
1 0.327039 1.01708 0.388074 0.977932 0.344225 0.909575 0.28319 0.948727
